20
15 2
6 6
6 6
11 11
3 1
20 8
16 12
17 6
12 5
14 12
8 5
16 13
2 20
19 6
16 12
7 13
5 6
7 2
19 8
11 11
5 20
10 1
13 10
2 6
11 7
16 9
16 6
13 2
9 19
8 7
4 6
3 16
5 14
15 5
11 8
19 17
11 20
17 11
14 18
5 8
6 14
12 11
14 18
1 3
14 17
3 15
11 5
18 20
16 13
16 3
11 17
12 2
4 8
6 10
15 17
10 18
10 2
11 15
5 10
16 12
9 20
5 9
20 5
17 1
14 19
1 1
6 5
17 12
9 4
11 12
1 11
16 7
19 15
7 8
9 5
9 12
13 2
7 6
7 18
11 15
15 20
10 18
12 5
3 8
6 16
1 7
6 7
19 11
12 1
17 18
10 16
20 9
4 17
11 4
12 7
13 17
2 16
10 19
6 20
1 18
11 16
1 11
20 10
4 13
18 1
6 14
9 3
6 5
8 3
3 2
20 4
6 17
17 8
7 3
11 12
8 6
12 17
9 7
15 12
15 11
14 17
8 11
1 9
19 17
10 15
9 13
10 19
3 17
10 7
4 2
15 14
4 19
8 5
3 7
13 12
3 15
5 7
8 14
10 11
10 14
18 13
7 4
18 2
20 6
13 12
9 17
6 17
8 7
4 10
13 4
16 15
1 10
2 10
15 6
17 13
12 10
3 18
7 20
20 18
12 5
8 5
14 15
9 2
12 16
4 3
1 1
3 9
16 20
4 18
11 19
1 6
16 14
18 8
3 7
1 2
3 12
9 18
3 17
15 9
5 12
12 20
13 11
7 13
5 17
18 15
6 6
2 11
7 10
8 1
5 8
16 3
14 8
2 1
8 2
16 9
7 1
19 17
19 9
2 8
19 13
5 5
6 18
16 4
16 13
10 12
3 4
2 1
13 9
12 3
17 2
5 15
5 13
10 7
18 7
10 9
15 20
13 17
13 8
8 12
12 17
19 5
8 10
1 15
11 15
2 5
2 18
5 19
3 10
9 4
2 18
7 13
20 14
1 18
13 15
5 12
3 5
5 16
7 7
7 6
8 5
3 18
7 17
8 20
14 5
16 14
14 14
19 20
11 19
3 12
12 20
15 8
3 4
18 9
6 14
7 10
6 9
6 14
12 12
14 19
2 2
7 4
16 1
8 6
8 14
9 3
5 1
10 15
19 16
12 12
12 15
18 14
10 14
16 5
10 6
8 16
6 5
9 14
19 5
17 10
14 1
20 19
3 17
19 2
13 19
15 6
13 7
7 3
6 11
13 11
11 16
1 10
7 18
19 8
15 18
15 17
17 2
19 16
8 13
17 13
17 2
13 2
17 9
